{
    "p02915_s995406644_t525143936.cpp": {
        "energy_change": -12.158808933002492,
        "runtime_change": -11.070261437908494,
        "cpu_cycles_change": -11.079558428846012,
        "peak_memory_change": -6.25,
        "throughput_change": 21.20823402189266,
        "loc_change": 22.22222222222222
    },
    "p03593_s986310184_t207919771.cpp": {
        "energy_change": 1.8518518518518534,
        "runtime_change": -8.031427324312515,
        "cpu_cycles_change": -8.022635555592458,
        "peak_memory_change": 4.040404040404041,
        "throughput_change": 55.51592852618244,
        "loc_change": 10.344827586206897
    },
    "p00966_s372610250_t682399458.cpp": {
        "energy_change": -11.42191142191142,
        "runtime_change": -11.115369873514759,
        "cpu_cycles_change": -11.1212233947047,
        "peak_memory_change": 3.7735849056603774,
        "throughput_change": -17.951068506267408,
        "loc_change": 28.57142857142857
    },
    "p03063_s076716181_t260969035.cpp": "Unable to compile original code",
    "p03854_s809070112_t865486990.cpp": {
        "energy_change": -19.84924623115578,
        "runtime_change": -10.896309314586995,
        "cpu_cycles_change": -10.865239693105996,
        "peak_memory_change": 17.307692307692307,
        "throughput_change": -39.24029932452494,
        "loc_change": -71.30434782608695
    }
}